SetDesc: "NNPDF3.1 LO global fit, alphas(MZ)=0.130. mem=0 => average on replicas; mem=1-100 => PDF replicas"
SetIndex: 315200
Authors: NNPDF Collaboration. R.D. Ball, V. Bertone, S. Carrazza, L. Del Debbio, S. Forte, P. Groth-Merrild, A. Guffanti, N.P. Hartland, Z. Kassabov, J.I. Latorre, E. Nocera, J. Rojo, L. Rottoli, E. Slade and M. Ubiali
Reference: arXiv:17xx.xxxxxx
Format: lhagrid1
DataVersion: 1
ForcePositive: 2
NumMembers: 101
Particle: 2212
Flavors: [-5, -4, -3, -2, -1, 21, 1, 2, 3, 4, 5]
OrderQCD: 0
FlavorScheme: variable
NumFlavors: 5
ErrorType: replicas
XMin: 1.0000000e-09
XMax: 1.0000000e+00
QMin: 1.6500000e+00
QMax: 1.0000000e+05
MZ: 9.1200000e+01
MUp: 0
MDown: 0
MStrange: 0
MCharm: 1.5100000e+00
MBottom: 4.9200000e+00
MTop: 1.7250000e+02
AlphaS_MZ: 0.1300000
AlphaS_OrderQCD: 0
AlphaS_Type: ipol
AlphaS_Qs: [1.6500000e+00, 1.7874388e+00, 1.9429053e+00, 2.1193749e+00, 2.3204100e+00, 2.5502945e+00, 2.8142025e+00, 3.1184123e+00, 3.4705775e+00, 3.8800752e+00, 4.3584516e+00, 4.9200000e+00, 4.9200000e+00, 5.5493622e+00, 6.2897452e+00, 7.1650687e+00, 8.2052867e+00, 9.4481248e+00, 1.0941378e+01, 1.2745972e+01, 1.4940062e+01, 1.7624572e+01, 2.0930715e+01, 2.5030298e+01, 3.0149928e+01, 3.6590777e+01, 4.4756282e+01, 5.5191298e+01, 6.8637940e+01, 8.6115921e+01, 1.0903923e+02, 1.3938725e+02, 1.7995815e+02, 2.3474820e+02, 3.0952544e+02, 4.1270732e+02, 5.5671861e+02, 7.6011795e+02, 1.0509694e+03, 1.4722574e+03, 2.0906996e+03, 3.0112909e+03, 4.4016501e+03, 6.5333918e+03, 9.8535186e+03, 1.5109614e+04, 2.3573066e+04, 3.7444017e+04, 6.0599320e+04, 1.0000000e+05]
AlphaS_Vals: [3.7304367e-01, 3.5883891e-01, 3.4513947e-01, 3.3193006e-01, 3.1919563e-01, 3.0692142e-01, 2.9509293e-01, 2.8369597e-01, 2.7271665e-01, 2.6214138e-01, 2.5195688e-01, 2.4215019e-01, 2.4215019e-01, 2.3383346e-01, 2.2576618e-01, 2.1794335e-01, 2.1035988e-01, 2.0301062e-01, 1.9589040e-01, 1.8899399e-01, 1.8231616e-01, 1.7585168e-01, 1.6959530e-01, 1.6354182e-01, 1.5768604e-01, 1.5202280e-01, 1.4654699e-01, 1.4125354e-01, 1.3613742e-01, 1.3119370e-01, 1.2641749e-01, 1.2180397e-01, 1.1734841e-01, 1.1304615e-01, 1.0889261e-01, 1.0488331e-01, 1.0101384e-01, 9.7279889e-02, 9.3677242e-02, 9.0201770e-02, 8.6849439e-02, 8.3616310e-02, 8.0498540e-02, 7.7492379e-02, 7.4594173e-02, 7.1800362e-02, 6.9107480e-02, 6.6512154e-02, 6.4011105e-02, 6.1601143e-02]
AlphaS_Lambda4: 0.342207
AlphaS_Lambda5: 0.239
