      MU_R = 9.118800D+01
      AEWM1 = 1.279000D+02
      MDL_GF = 1.166370D-05
      AS = 1.184000D-01
      MDL_YMB = 4.700000D+00
      MDL_YMT = 1.720000D+02
      MDL_YMTAU = 1.777000D+00
      MDL_YRR1X1 = 3.000000D-01
      MDL_YRR1X2 = 3.000000D-01
      MDL_YRR1X3 = 3.000000D-01
      MDL_YRR2X1 = 3.000000D-01
      MDL_YRR2X2 = 3.000000D-01
      MDL_YRR2X3 = 3.000000D-01
      MDL_YRR3X1 = 3.000000D-01
      MDL_YRR3X2 = 3.000000D-01
      MDL_YRR3X3 = 3.000000D-01
      MDL_MZ = 9.118760D+01
      MDL_MTA = 1.777000D+00
      MDL_MT = 1.720000D+02
      MDL_MB = 4.700000D+00
      MDL_MH = 1.250000D+02
      MDL_MS1T = 3.250000D+00
      MDL_WZ = 2.495200D+00
      MDL_WW = 2.085000D+00
      MDL_WT = 1.508336D+00
      MDL_WH = 4.070000D-03
      MDL_WS1T = 5.370000D-01
