      MU_R = 9.118800D+01
      AEWM1 = 1.279000D+02
      MDL_GF = 1.166370D-05
      AS = 1.184000D-01
      MDL_YMB = 4.700000D+00
      MDL_YMT = 1.720000D+02
      MDL_YMTAU = 1.777000D+00
      MDL_YLL1X1 = 1.000000D-01
      MDL_YLL1X2 = 1.000000D-01
      MDL_YLL1X3 = 1.000000D-01
      MDL_YLL2X1 = 1.000000D-01
      MDL_YLL2X2 = 1.000000D-01
      MDL_YLL2X3 = 1.000000D-01
      MDL_YLL3X1 = 1.000000D-01
      MDL_YLL3X2 = 1.000000D-01
      MDL_YLL3X3 = 1.000000D-01
      MDL_MZ = 9.118760D+01
      MDL_MTA = 1.777000D+00
      MDL_MT = 1.720000D+02
      MDL_MB = 4.700000D+00
      MDL_MH = 1.250000D+02
      MDL_MS3 = 6.500000D+02
      MDL_WZ = 2.495200D+00
      MDL_WW = 2.085000D+00
      MDL_WT = 1.508336D+00
      MDL_WH = 4.070000D-03
      MDL_WS323 = 1.290000D+01
      MDL_WS313 = 1.290000D+01
      MDL_WS343 = 1.290000D+01
